0 127
555 96
1067 46
1479 126
1554 94
1655 95
1705 45
1777 39
1796 44
1996 124
2134 58
2209 92
2214 47
2309 33
2343 42
2456 125
2470 123
2518 43
2604 59
2608 93
2695 60
2705 62
2722 40
2730 91
2758 41
2764 61
2876 55
2902 63
3010 105
3060 49
3168 108
3186 116
3249 34
3260 99
3355 114
3397 73
3426 118
3454 106
3512 74
3541 111
3577 37
3767 51
3778 122
3806 67
3825 115
3866 117
3952 89
4030 86
4064 110
4070 50
4072 76
4111 102
4153 38
4162 53
4290 48
4308 79
4311 84
4345 121
4362 36
4371 97
4385 85
4398 83
4419 52
4440 120
4452 54
4473 80
4477 57
4500 101
4512 90
4617 107
4622 70
4632 71
4695 119
4731 104
4829 68
5020 88
5048 56
5084 65
5133 98
5233 100
5303 109
5416 64
5422 75
5442 112
5472 82
5493 103
5540 72
5583 35
5592 69
5620 113
5703 81
5746 78
5917 66
6326 87
6561 77
